 ----jGRASP exec: java ReadSource
Stud L1  L2  L3  L4  L5  
1234 32  17  20  28  34  
2134 30  36  30  17  30  
3124 30  35  20  30  30  
4532 31  17  31  32  27  
5678 40  12  35  28  34  
6134 34  40  35  18  25  
7874 30  30  36  38  18  
2877 35  30  19  22  30  
3189 22  30  20  18  17  
4602 39  40  21  38  16  
5405 11  11  20  21  10  
6999 22  28  29  11  20  
8026 40  10  26  28  16  
9893 24  09  17  27  20  
1947 25  20  28  23  35  

High Score  40 40 36 38 35
Low Score  11 9 17 11 10
Average Score  29 24 25 25 24

 ----jGRASP: operation complete.