 ----jGRASP exec: java PrintCalendar 2018
          2018
--------------------------

        Janurary          

S   M   Tu  W   Th  F   S   
    1   2   3   4   5   6   
7   8   9   10  11  12  13  
14  15  16  17  18  19  20  
21  22  23  24  25  26  27  
28  29  30  


        Feburary          

S   M   Tu  W   Th  F   S   
                1   2   3   
4   5   6   7   8   9   10  
11  12  13  14  15  16  17  
18  19  20  21  22  23  24  
25  26  27  
--------------------------

        March             

S   M   Tu  W   Th  F   S   
                1   2   3   
4   5   6   7   8   9   10  
11  12  13  14  15  16  17  
18  19  20  21  22  23  24  
25  26  27  28  29  30  


        April             

S   M   Tu  W   Th  F   S   
1   2   3   4   5   6   7   
8   9   10  11  12  13  14  
15  16  17  18  19  20  21  
22  23  24  25  26  27  28  
29  


        May               

S   M   Tu  W   Th  F   S   
        1   2   3   4   5   
6   7   8   9   10  11  12  
13  14  15  16  17  18  19  
20  21  22  23  24  25  26  
27  28  29  30  


        June              

S   M   Tu  W   Th  F   S   
                    1   2   
3   4   5   6   7   8   9   
10  11  12  13  14  15  16  
17  18  19  20  21  22  23  
24  25  26  27  28  29  


        July              

S   M   Tu  W   Th  F   S   
1   2   3   4   5   6   7   
8   9   10  11  12  13  14  
15  16  17  18  19  20  21  
22  23  24  25  26  27  28  
29  30  


        August            

S   M   Tu  W   Th  F   S   
            1   2   3   4   
5   6   7   8   9   10  11  
12  13  14  15  16  17  18  
19  20  21  22  23  24  25  
26  27  28  29  30  


        September         

S   M   Tu  W   Th  F   S   
                        1   
2   3   4   5   6   7   8   
9   10  11  12  13  14  15  
16  17  18  19  20  21  22  
23  24  25  26  27  28  29  



        October           

S   M   Tu  W   Th  F   S   
    1   2   3   4   5   6   
7   8   9   10  11  12  13  
14  15  16  17  18  19  20  
21  22  23  24  25  26  27  
28  29  30  


        November          

S   M   Tu  W   Th  F   S   
                1   2   3   
4   5   6   7   8   9   10  
11  12  13  14  15  16  17  
18  19  20  21  22  23  24  
25  26  27  28  29  


        December          

S   M   Tu  W   Th  F   S   
                        1   
2   3   4   5   6   7   8   
9   10  11  12  13  14  15  
16  17  18  19  20  21  22  
23  24  25  26  27  28  29  
30  


 ----jGRASP: operation complete.